123456
114514
123123
888888
111111
112233
aabbcc
abcdef
aaaaaa
654321
666666
888888
111222
151515
694214
485120
315896
147741
852258
852852
943201
481532
241698
101032
363536
868754
191963
787231
086542
369753
484621
486321
786293
102032
592146
482302
98956
481036
971214
696412
696215
325869
586542
201232
959481
865652
206987
125598
778662
332115
664551
369656
256486
102598
325489
785654
125874
459632
486512
485202
520520
521521
030231
562593
159324
965478
203698
458965
201579
746832
478951
259648
136985
020232
020141
050505
090909
808082
727654
363686
526262
014748
594675
265971
564820
294359
144741
064848
464656
121313
656458
148456
235987
987876
646989
151619
030609
010407
050806
898683
148484
515151
656565
295948
263535
248484
594596
293187
095476
185698
234765
016834
298745
123456
987456
963258
741258
247698
753420
186349
489652
301478
965858
235359
484848
595959
264723
182679
222222
333333
444444
555555
777777
999999
000000
abcabc
abcedf
123abc
abc123
abc456
123def
101010
010101
1234567890
0123456789
abcdefghu
aaaaaaa
aaaaaaaaa
bbbbbbbbb
123456789
987654321
